100132529
100507500
6898
92304
100287290
64344
7436
105374839
79628
6289
105372669
101929415
147495
9628
100528017
105372759
6530
1956
105372501
57556
105369370
401491
112268280
728264
4916
107986188
51302
101928991
4889
128102
170692
101929335
2277
51085
107984088
60529
3232
101928583
107984018
64927
4781
643650
388714
494470
9132
105375284
91133
105374468
26579
112268035
22808
107986997
1756
6263
729468
5803
6288
4653
106635520
102724579
126374
100131395
105372031
105374771
728095
107987152
9542
4081
100189387
4887
107984035
100996902
56963
3489
55084
794
105376598
107984104
105374325
401024
285154
10763
102724545
1410
51678
27239
60495
345062
9481
4128
100507560
4629
100507244
112268279
105374584
105370256
107984805
102724122
6422
11131
1271
105373989
105374077
5105
57484
341277
80332
25802
26227
158035
105369714
401021
29941
105378626
4908
7018
387700
1638
4023
4575
112268092
131873
759
151531
100996571
2587
105369937
105374145
441430
55268
9472
4500
105378744
347088
2196
283310
11095
1804
11096
101928555
101060146
107984749
127833
1346
11099
105370841
1088
146894
105369846
5325
