26047
1311
131578
10261
8537
54809
4148
202309
105374986
114904
23213
10308
165
115908
27334
79666
1295
401097
4938
55653
3226
1833
255631
3887
4939
8728
829
147920
10561
2191
100124700
101929532
440823
84624
3624
112268430
27181
27299
4320
4599
5996
414062
633
440068
1633
219790
120224
6373
129607
51176
50943
84941
9560
94241
3227
85352
3502
2123
8840
4481
148113
333926
151636
6004
3580
144501
28915
84433
2335
26999
83666
9120
9622
22797
51284
11031
4283
2537
29851
24141
112267867
6367
94240
55008
3501
3500
105374985
23547
114569
256236
283867
941
7357
29933
4319
283208
5800
91543
84541
1303
27074
3604
969
3627
1917
81671
60598
64092
50615
6423
1470
54829
100874365
8973
5788
399
27092
51330
2124
196051
942
81793
28755
203328
25769
1233
105371401
9052
6772
6574
9450
1301
2706
26191
1493
128312
113218500
931
10381
3503
22807
7430
4068
6382
9636
10537
478
112268238
8832
105369325
